[Heading]
Head = 261.151353588
Decline = 10.67
StaticError = 13

[GPS]
Lat = 60.750520
Lon = 30.050325
Alt = 1

[SNMP]
OID = 1.3.6.1.4.1.14988.1.1.1.1.1.4.5
Host = 192.168.1.26
Comm = public
WaitPre = 1
WaitBtw = 0.5
NProbes = 3
Timeout = 1
Retries = 0

[Search]
NPoints = 4
AZRad = 3
ELRad = 3
Delta = 3
Thres = -30 
AZStep = 1
ELStep = 1
PhiStep = 30

[Net]
Addr = 192.168.1.29
Port = 12345

[Radant]
Dev = /dev/ttyUSB0
Timeout = 10
MainAZ = 180
MainEL = 0
DiscAZ = 0.5
DiscEL = 0.5
ELBase = 0

[Log]
File = main.log
Period = 5

[HTTP]
Addr = 127.0.0.1
Port = 8000
